Classifier 1:
          0         1         2         3         4         5         6         7         8         9    type 1
0        90         0         0         0         3         5         0         1         0         1        10
1         0        87        12         0         0         0         0         1         0         0        13
2         0         3        97         0         0         0         0         0         0         0         3
3         1         0         1        93         2         1         0         2         0         0         7
4         0         0         0         0        90         7         0         0         0         3        10
5         3         0         0         0         2        95         0         0         0         0         5
6         0         0         1         0         0         0        99         0         0         0         1
7         0         0         1         0         0         4         0        94         1         0         6
8         0         0         0         0         0         0         0         0        97         3         3
9         1         0         0         0         3         0         0         0         0        96         4
type 2    5         5         3        15         0        10        17         0         4         1         7        62 0.062

          0         1         2         3         4         5         6         7         8         9    type 1
0        98         0         0         0         1         1         0         0         0         0         2
1         0        93         7         0         0         0         0         0         0         0         7
2         0         4        94         0         0         1         1         0         0         0         6
3         2         0         0        89         2         5         2         0         0         0        11
4         0         0         0         0        91         8         0         0         0         1         9
5         3         0         1         0         1        95         0         0         0         0         5
6         0         0         0         0         0         0       100         0         0         0         0
7         1         0         0         0         1         6         0        92         0         0         8
8         0         0         0         0         0         0         0         0        96         4         4
9         1         0         0         0         6         0         0         0         0        93         7
type 2    7         7         4         8         0        11        21         3         0         0         5        59 0.059

          0         1         2         3         4         5         6         7         8         9    type 1
0        95         0         0         0         1         1         0         1         0         2         5
1         0        87        12         0         0         1         0         0         0         0        13
2         0         1        94         0         1         0         4         0         0         0         6
3         2         0         0        85         3         6         1         2         0         1        15
4         1         0         1         0        91         5         1         0         0         1         9
5         4         0         1         0         1        93         0         0         0         1         7
6         0         0         1         0         0         0        99         0         0         0         1
7         2         1         0         0         0         4         0        93         0         0         7
8         0         0         0         0         0         0         0         0        94         6         6
9         1         0         0         0         3         0         0         0         0        96         4
type 2   10        10         2        15         0         9        17         6         3         0        11        73 0.073

          0         1         2         3         4         5         6         7         8         9    type 1
0        93         0         0         0         1         6         0         0         0         0         7
1         0        90         9         0         0         0         1         0         0         0        10
2         0         2        95         0         0         1         2         0         0         0         5
3         2         0         0        88         0         6         1         3         0         0        12
4         1         0         0         0        91         7         0         0         0         1         9
5         3         0         1         0         0        96         0         0         0         0         4
6         0         0         0         0         0         1        99         0         0         0         1
7         3         0         0         0         0         5         0        90         0         2        10
8         0         0         0         0         0         0         0         0        94         6         6
9         0         0         0         0         5         1         0         0         0        94         6
type 2    9         9         2        10         0         6        27         4         3         0         9        70 0.07

---------------------------------------------------------------------------------------------------------------------------------

Classifier 2:
          0         1         2         3         4         5         6         7         8         9    type 1
0        90         0         0         0         3         5         0         1         0         1        10
1         0        87        12         0         0         0         0         1         0         0        13
2         0         3        97         0         0         0         0         0         0         0         3
3         1         0         1        93         2         1         0         2         0         0         7
4         0         0         0         0        90         7         0         0         0         3        10
5         3         0         0         0         2        95         0         0         0         0         5
6         0         0         1         0         0         0        99         0         0         0         1
7         0         0         1         0         0         4         0        94         1         0         6
8         0         0         0         0         0         0         0         0        97         3         3
9         1         0         0         0         3         0         0         0         0        96         4
type 2    5         5         3        15         0        10        17         0         4         1         7        62 0.062

          0         1         2         3         4         5         6         7         8         9    type 1
0        98         0         0         0         1         1         0         0         0         0         2
1         0        93         7         0         0         0         0         0         0         0         7
2         0         4        94         0         0         1         1         0         0         0         6
3         2         0         0        89         2         5         2         0         0         0        11
4         0         0         0         0        91         8         0         0         0         1         9
5         3         0         1         0         1        95         0         0         0         0         5
6         0         0         0         0         0         0       100         0         0         0         0
7         1         0         0         0         1         6         0        92         0         0         8
8         0         0         0         0         0         0         0         0        96         4         4
9         1         0         0         0         6         0         0         0         0        93         7
type 2    7         7         4         8         0        11        21         3         0         0         5        59 0.059

          0         1         2         3         4         5         6         7         8         9    type 1
0        95         0         0         0         1         1         0         1         0         2         5
1         0        87        12         0         0         1         0         0         0         0        13
2         0         1        94         0         1         0         4         0         0         0         6
3         2         0         0        85         3         6         1         2         0         1        15
4         1         0         1         0        91         5         1         0         0         1         9
5         4         0         1         0         1        93         0         0         0         1         7
6         0         0         1         0         0         0        99         0         0         0         1
7         2         1         0         0         0         4         0        93         0         0         7
8         0         0         0         0         0         0         0         0        94         6         6
9         1         0         0         0         3         0         0         0         0        96         4
type 2   10        10         2        15         0         9        17         6         3         0        11        73 0.073

          0         1         2         3         4         5         6         7         8         9    type 1
0        93         0         0         0         1         6         0         0         0         0         7
1         0        90         9         0         0         0         1         0         0         0        10
2         0         2        95         0         0         1         2         0         0         0         5
3         2         0         0        88         0         6         1         3         0         0        12
4         1         0         0         0        91         7         0         0         0         1         9
5         3         0         1         0         0        96         0         0         0         0         4
6         0         0         0         0         0         1        99         0         0         0         1
7         3         0         0         0         0         5         0        90         0         2        10
8         0         0         0         0         0         0         0         0        94         6         6
9         0         0         0         0         5         1         0         0         0        94         6
type 2    9         9         2        10         0         6        27         4         3         0         9        70 0.07

