SUMMARY TABLE:
	A	B	C	D
1	232     237     211     227
2       62	59	73	70
3	0	136	130	140
4	82	116	110	122

Classifier 1, trained on dataset A:
Dataset A:
          0         1         2         3         4         5         6         7         8         9    type 1
0        60         0         0         0         7        28         0         1         0         4        40
1         0        72        27         0         0         0         0         1         0         0        28
2         0        11        85         0         0         3         1         0         0         0        15
3         0         0         0        79        12         5         2         0         0         2        21
4        11         0         0         0        57        13         0         0         0        19        43
5        22         0         1         0         2        69         6         0         0         0        31
6         0         0         0         0         0         6        94         0         0         0         6
7         3         0         3         0         0         8         1        77         2         6        23
8         0         0         0         0         0         0         0         0        97         3         3
9        11         0         0         0         8         1         0         2         0        78        22
type 2   47        47        11        31         0        29        64        10         4         2        34       232 0.232

Dataset B:
          0         1         2         3         4         5         6         7         8         9    type 1
0        66         0         0         0         6        21         0         1         0         6        34
1         0        71        29         0         0         0         0         0         0         0        29
2         0        13        81         0         0         3         3         0         0         0        19
3         0         0         0        82        13         2         0         1         0         2        18
4        10         0         0         1        52        16         0         0         0        21        48
5        14         0         1         0         4        71         8         0         1         1        29
6         0         0         1         0         0        11        88         0         0         0        12
7         2         1         3         0         0         4         2        79         3         6        21
8         0         0         0         0         0         0         0         0        96         4         4
9         5         0         0         0        13         5         0         0         0        77        23
type 2   31        31        14        34         1        36        62        13         2         4        40       237 0.237

Dataset C:
          0         1         2         3         4         5         6         7         8         9    type 1
0        79         0         0         0         4        11         0         0         0         6        21
1         0        66        34         0         0         0         0         0         0         0        34
2         0         9        76         0         0         7         8         0         0         0        24
3         1         0         0        80        13         3         1         0         0         2        20
4         8         0         0         0        62        14         0         0         0        16        38
5        14         0         2         0         4        73         6         1         0         0        27
6         0         0         0         0         0         9        91         0         0         0         9
7         1         1         1         0         0         3         0        87         4         3        13
8         0         0         1         0         0         0         0         0        95         4         5
9         5         0         0         0        13         1         0         1         0        80        20
type 2   29        29        10        38         0        34        48        15         2         4        31       211 0.211

Dataset D:
          0         1         2         3         4         5         6         7         8         9    type 1
0        66         0         0         0         7        22         0         1         0         4        34
1         0        77        23         0         0         0         0         0         0         0        23
2         0        22        71         0         0         2         5         0         0         0        29
3         0         0         0        91         3         4         0         0         0         2         9
4        10         0         0         0        58        10         0         0         0        22        42
5        18         0         2         0         2        75         2         1         0         0        25
6         0         0         3         0         0         7        90         0         0         0        10
7         2         0         3         0         0        10         2        76         2         5        24
8         0         0         1         0         0         0         0         0        94         5         6
9         9         0         1         0        12         2         0         1         0        75        25
type 2   39        39        22        33         0        24        57         9         3         2        38       227 0.227


---------------------------------------------------------------------------------------------------------------------------------

Classifier 2, trained on dataset A:

Dataset A:
          0         1         2         3         4         5         6         7         8         9    type 1
0        90         0         0         0         3         5         0         1         0         1        10
1         0        87        12         0         0         0         0         1         0         0        13
2         0         3        97         0         0         0         0         0         0         0         3
3         1         0         1        93         2         1         0         2         0         0         7
4         0         0         0         0        90         7         0         0         0         3        10
5         3         0         0         0         2        95         0         0         0         0         5
6         0         0         1         0         0         0        99         0         0         0         1
7         0         0         1         0         0         4         0        94         1         0         6
8         0         0         0         0         0         0         0         0        97         3         3
9         1         0         0         0         3         0         0         0         0        96         4
type 2    5         5         3        15         0        10        17         0         4         1         7        62 0.062

Dataset B:
          0         1         2         3         4         5         6         7         8         9    type 1
0        98         0         0         0         1         1         0         0         0         0         2
1         0        93         7         0         0         0         0         0         0         0         7
2         0         4        94         0         0         1         1         0         0         0         6
3         2         0         0        89         2         5         2         0         0         0        11
4         0         0         0         0        91         8         0         0         0         1         9
5         3         0         1         0         1        95         0         0         0         0         5
6         0         0         0         0         0         0       100         0         0         0         0
7         1         0         0         0         1         6         0        92         0         0         8
8         0         0         0         0         0         0         0         0        96         4         4
9         1         0         0         0         6         0         0         0         0        93         7
type 2    7         7         4         8         0        11        21         3         0         0         5        59 0.059

Dataset C:
          0         1         2         3         4         5         6         7         8         9    type 1
0        95         0         0         0         1         1         0         1         0         2         5
1         0        87        12         0         0         1         0         0         0         0        13
2         0         1        94         0         1         0         4         0         0         0         6
3         2         0         0        85         3         6         1         2         0         1        15
4         1         0         1         0        91         5         1         0         0         1         9
5         4         0         1         0         1        93         0         0         0         1         7
6         0         0         1         0         0         0        99         0         0         0         1
7         2         1         0         0         0         4         0        93         0         0         7
8         0         0         0         0         0         0         0         0        94         6         6
9         1         0         0         0         3         0         0         0         0        96         4
type 2   10        10         2        15         0         9        17         6         3         0        11        73 0.073

Dataset D: 
         0         1         2         3         4         5         6         7         8         9    type 1
0        93         0         0         0         1         6         0         0         0         0         7
1         0        90         9         0         0         0         1         0         0         0        10
2         0         2        95         0         0         1         2         0         0         0         5
3         2         0         0        88         0         6         1         3         0         0        12
4         1         0         0         0        91         7         0         0         0         1         9
5         3         0         1         0         0        96         0         0         0         0         4
6         0         0         0         0         0         1        99         0         0         0         1
7         3         0         0         0         0         5         0        90         0         2        10
8         0         0         0         0         0         0         0         0        94         6         6
9         0         0         0         0         5         1         0         0         0        94         6
type 2    9         9         2        10         0         6        27         4         3         0         9        70 0.07

-------------------------------------------------------------------------------------------------------------------------------

Classifier 3, trained on dataset A:

Dataset A:
          0         1         2         3         4         5         6         7         8         9    type 1
0       100         0         0         0         0         0         0         0         0         0         0
1         0       100         0         0         0         0         0         0         0         0         0
2         0         0       100         0         0         0         0         0         0         0         0
3         0         0         0       100         0         0         0         0         0         0         0
4         0         0         0         0       100         0         0         0         0         0         0
5         0         0         0         0         0       100         0         0         0         0         0
6         0         0         0         0         0         0       100         0         0         0         0
7         0         0         0         0         0         0         0       100         0         0         0
8         0         0         0         0         0         0         0         0       100         0         0
9         0         0         0         0         0         0         0         0         0       100         0
type 2    0         0         0         0         0         0         0         0         0         0         0         0 0

Dataset B:
          0         1         2         3         4         5         6         7         8         9    type 1
0        81         0         0         0         6        11         0         0         0         2        19
1         0        86        14         0         0         0         0         0         0         0        14
2         0        13        83         0         0         1         3         0         0         0        17
3         1         0         0        97         1         0         0         1         0         0         3
4        10         0         0         1        65         9         0         0         0        15        35
5        13         0         3         0         8        74         1         0         0         1        26
6         0         1         0         0         0         1        98         0         0         0         2
7         1         1         0         0         0         2         0        94         0         2         6
8         0         0         0         0         0         0         0         0       100         0         0
9         2         0         0         0         9         3         0         0         0        86        14
type 2   27        27        15        17         1        24        27         4         1         0        20       136 0.136

Dataset C:
          0         1         2         3         4         5         6         7         8         9    type 1
0        83         0         0         0         5        11         0         0         0         1        17
1         0        86        14         0         0         0         0         0         0         0        14
2         0        10        85         0         1         1         3         0         0         0        15
3         1         0         0        96         3         0         0         0         0         0         4
4         6         0         0         0        67        15         0         0         0        12        33
5        11         0         5         0         8        71         2         2         0         1        29
6         0         0         0         0         0         0       100         0         0         0         0
7         0         1         1         0         0         1         0        97         0         0         3
8         0         0         0         0         0         0         0         0       100         0         0
9         0         0         0         0        11         3         0         1         0        85        15
type 2   18        18        11        20         0        28        31         5         3         0        14       130 0.13

Dataset D:
          0         1         2         3         4         5         6         7         8         9    type 1
0        78         0         0         0         8        12         0         0         0         2        22
1         0        87        13         0         0         0         0         0         0         0        13
2         0        17        81         0         0         1         1         0         0         0        19
3         1         0         0        95         3         0         0         0         0         1         5
4         7         0         0         1        76         6         0         0         0        10        24
5        13         0         3         0        10        70         0         3         0         1        30
6         0         0         1         0         0         0        99         0         0         0         1
7         1         0         0         0         0         1         0        98         0         0         2
8         0         0         0         0         0         0         0         0       100         0         0
9         3         0         0         0        16         4         0         1         0        76        24
type 2   25        25        17        17         1        37        24         1         4         0        14       140 0.14

------------------------------------------------------------------------------------------------------------------------------

Classifier 4, trained on dataset A:

Dataset A:
          0         1         2         3         4         5         6         7         8         9    type 1
0        86         0         0         0         2         9         0         1         0         2        14
1         0        89        10         0         0         0         0         1         0         0        11
2         0         9        91         0         0         0         0         0         0         0         9
3         0         0         0        99         1         0         0         0         0         0         1
4         3         0         0         0        84         6         0         0         0         7        16
5         8         0         1         0         5        83         2         1         0         0        17
6         0         0         1         0         0         0        99         0         0         0         1
7         0         0         0         0         0         2         1        97         0         0         3
8         0         0         0         0         0         0         0         0       100         0         0
9         2         0         0         1         3         4         0         0         0        90        10
type 2   13        13         9        12         1        11        21         3         3         0         9        82 0.082

Dataset B:
          0         1         2         3         4         5         6         7         8         9    type 1
0        87         0         0         0         3         6         0         0         0         4        13
1         0        89        11         0         0         0         0         0         0         0        11
2         0         8        89         0         0         1         2         0         0         0        11
3         2         0         0        96         1         0         0         1         0         0         4
4         5         0         1         1        72         9         0         0         0        12        28
5        13         0         3         0         7        75         1         0         0         1        25
6         0         0         0         0         0         1        99         0         0         0         1
7         1         1         0         0         0         4         1        90         0         3        10
8         0         0         0         0         0         0         0         0       100         0         0
9         3         0         0         0         6         4         0         0         0        87        13
type 2   24        24         9        15         1        17        25         4         1         0        20       116 0.116

Dataset C:
          0         1         2         3         4         5         6         7         8         9    type 1
0        88         0         0         0         1        10         0         0         0         1        12
1         0        93         7         0         0         0         0         0         0         0         7
2         0         5        90         0         0         1         4         0         0         0        10
3         0         0         0        94         6         0         0         0         0         0         6
4         7         0         1         0        74         7         0         0         0        11        26
5        12         0         4         0         6        74         2         2         0         0        26
6         0         0         0         0         0         0       100         0         0         0         0
7         0         2         1         0         0         0         0        96         0         1         4
8         0         1         0         0         0         0         0         0        99         0         1
9         2         0         0         0        13         2         0         1         0        82        18
type 2   21        21         8        13         0        26        20         6         3         0        13       110 0.11

Dataset D:
          0         1         2         3         4         5         6         7         8         9    type 1
0        83         0         0         0         4        12         0         0         0         1        17
1         0        90        10         0         0         0         0         0         0         0        10
2         0        12        85         0         0         0         3         0         0         0        15
3         0         0         0        95         5         0         0         0         0         0         5
4         8         0         0         0        73         8         0         0         0        11        27
5        19         0         5         0         4        71         0         0         0         1        29
6         0         0         0         0         0         0       100         0         0         0         0
7         1         1         0         0         0         2         1        95         0         0         5
8         0         0         0         0         0         0         0         0       100         0         0
9         2         0         0         0         7         4         0         1         0        86        14
type 2   30        30        13        15         0        20        26         4         1         0        13       122 0.122


